Table S6. Candidates for loci under positive selection between processing and fresh market sub-populations								
	Physical Map		Genetic Map (EXPIM 2012)					
Marker	Chromosome	Position (Mbp)	Chromosome	Position (cM)	He1	Fst1	P(Simul Fst<sample Fst)	
solcap_snp_sl_19068	1	38.28	1	40.84	0.09	0.08	0.97	
solcap_snp_sl_18635	1	67.04	1	41.11	0.09	0.09	0.99	
solcap_snp_sl_18634	1	67.37	1	41.39	0.09	0.09	0.98	
solcap_snp_sl_18627	1	67.51	1	41.39	0.10	0.09	1.00	
solcap_snp_sl_15707	2	30.71	2	8.54	0.44	0.42	0.99	
solcap_snp_sl_25449	2	35.80	2	32.47	0.29	0.24	0.96	
solcap_snp_sl_25448	2	35.80	2	32.47	0.30	0.24	0.96	
solcap_snp_sl_25421	2	35.99	2	32.74	0.27	0.25	0.97	
solcap_snp_sl_65977	2	35.99	2	32.74	0.28	0.25	0.97	
solcap_snp_sl_35771	2	36.01	2	32.74	0.28	0.24	0.96	
solcap_snp_sl_25420	2	36.01	2	32.74	0.28	0.24	0.96	
solcap_snp_sl_35755	2	36.30	2	34.11	0.30	0.27	0.99	
solcap_snp_sl_49304	2	36.37	2	34.11	0.29	0.26	0.99	
solcap_snp_sl_23849	2	36.37	2	34.11	0.29	0.26	0.99	
solcap_snp_sl_13611	2	37.04	2	36.02	0.31	0.28	1.00	
solcap_snp_sl_13612	2	37.04	2	36.02	0.31	0.29	1.00	
solcap_snp_sl_13616	2	37.04	2	36.02	0.31	0.28	0.99	
solcap_snp_sl_13617	2	37.04	2	36.02	0.31	0.29	1.00	
solcap_snp_sl_13618	2	37.04	2	36.02	0.31	0.29	1.00	
solcap_snp_sl_13619	2	37.04	2	36.02	0.31	0.28	1.00	
solcap_snp_sl_29547	2	37.04	2	36.02	0.31	0.29	1.00	
solcap_snp_sl_13621	2	37.06	2	36.02	0.31	0.29	1.00	
solcap_snp_sl_13622	2	37.06	2	36.02	0.31	0.29	1.00	
solcap_snp_sl_13623	2	37.06	2	36.02	0.31	0.29	1.00	
solcap_snp_sl_4829	2	41.73	2	53.60	0.82	0.82	0.99	
solcap_snp_sl_4831	2	41.80	2	53.87	0.80	0.77	0.98	
solcap_snp_sl_14355	3	7.09	3	24.79	0.25	0.25	0.98	
solcap_snp_sl_55037	3	7.34	3	26.43	0.10	0.09	1.00	
SGN-U564013_snp1820_solcap_snp_sl_55020	3	7.52	3	28.09	0.10	0.09	1.00	
solcap_snp_sl_18982	3	48.93	3	52.83	0.12	0.11	1.00	
solcap_snp_sl_18981	3	48.93	3	52.83	0.12	0.11	1.00	
solcap_snp_sl_18978	3	48.96	3	52.83	0.12	0.12	1.00	
SL10322_127	4	33.41	4	39.62	0.57	0.50	0.96	
solcap_snp_sl_47385	4	61.51	4	80.37	0.31	0.27	0.98	
solcap_snp_sl_47708	4	62.95	4	90.00	0.29	0.27	0.99	
solcap_snp_sl_47713	4	62.99	4	90.00	0.27	0.27	0.99	
solcap_snp_sl_47741	4	63.13	4	90.27	0.30	0.27	0.99	
solcap_snp_sl_47742	4	63.13	4	90.27	0.29	0.24	0.96	
solcap_snp_sl_29322	4	63.45	4	91.63	0.26	0.26	0.98	
solcap_snp_sl_23831	5	3.44	5	25.36	0.47	0.45	1.00	
solcap_snp_sl_23823	5	3.49	5	25.91	0.46	0.41	0.97	
solcap_snp_sl_23812	5	3.50	5	25.91	0.46	0.41	0.97	
solcap_snp_sl_23806	5	3.58	5	26.46	0.46	0.39	0.95	
solcap_snp_sl_23796	5	3.64	5	27.01	0.45	0.43	1.00	
solcap_snp_sl_23794	5	3.64	5	27.01	0.47	0.43	0.99	
solcap_snp_sl_23783	5	3.72	5	27.83	0.68	0.64	0.99	
solcap_snp_sl_23782	5	3.74	5	27.83	0.68	0.64	0.99	
solcap_snp_sl_23781	5	3.74	5	27.83	0.68	0.64	0.99	
solcap_snp_sl_23780	5	3.74	5	27.83	0.68	0.64	0.99	
solcap_snp_sl_23778	5	3.75	5	27.83	0.68	0.64	0.99	
solcap_snp_sl_23777	5	3.75	5	27.83	0.68	0.64	0.99	
solcap_snp_sl_23776	5	3.75	5	27.83	0.68	0.64	0.99	
solcap_snp_sl_23775	5	3.75	5	27.83	0.68	0.64	0.99	
solcap_snp_sl_48914	5	3.75	5	27.83	0.68	0.64	0.99	
solcap_snp_sl_23774	5	3.76	5	27.83	0.68	0.63	0.99	
solcap_snp_sl_23772	5	3.76	5	27.83	0.68	0.64	0.99	
solcap_snp_sl_48912	5	3.76	5	27.83	0.68	0.63	0.99	
solcap_snp_sl_48911	5	3.76	5	27.83	0.68	0.63	0.99	
solcap_snp_sl_23769	5	3.76	5	27.83	0.68	0.64	0.99	
solcap_snp_sl_23768	5	3.76	5	27.83	0.68	0.64	0.99	
solcap_snp_sl_48909	5	3.76	5	27.83	0.68	0.64	0.99	
solcap_snp_sl_23766	5	3.76	5	27.83	0.68	0.64	0.99	
solcap_snp_sl_23765	5	3.76	5	27.83	0.68	0.64	0.99	
solcap_snp_sl_23763	5	3.76	5	27.83	0.68	0.63	0.99	
solcap_snp_sl_23757	5	3.81	5	28.10	0.68	0.64	0.99	
solcap_snp_sl_23756	5	3.82	5	28.66	0.69	0.67	1.00	
solcap_snp_sl_23755	5	3.82	5	28.66	0.68	0.64	0.99	
CL017677-0317	5	3.82	5	28.66	0.69	0.68	1.00	
solcap_snp_sl_23751	5	3.82	5	28.66	0.69	0.68	1.00	
solcap_snp_sl_23750	5	3.82	5	28.66	0.69	0.67	1.00	
solcap_snp_sl_23749	5	3.82	5	28.66	0.69	0.68	1.00	
solcap_snp_sl_23746	5	3.87	5	28.93	0.68	0.64	0.99	
solcap_snp_sl_48904	5	3.87	5	28.93	0.68	0.64	0.99	
solcap_snp_sl_23743	5	3.88	5	28.93	0.68	0.64	0.99	
solcap_snp_sl_23742	5	3.88	5	28.93	0.68	0.64	0.99	
solcap_snp_sl_23741	5	3.88	5	28.93	0.68	0.63	0.99	
solcap_snp_sl_48901	5	3.93	5	29.20	0.71	0.67	0.98	
solcap_snp_sl_23738	5	3.93	5	29.20	0.71	0.70	1.00	
solcap_snp_sl_23737	5	3.93	5	29.20	0.72	0.71	0.97	
solcap_snp_sl_48900	5	3.95	5	29.20	0.72	0.70	0.97	
solcap_snp_sl_48898	5	3.95	5	29.20	0.71	0.67	0.98	
solcap_snp_sl_23735	5	3.96	5	29.47	0.71	0.67	0.98	
solcap_snp_sl_23734	5	3.98	5	29.47	0.70	0.67	0.98	
solcap_snp_sl_23733	5	3.99	5	29.47	0.70	0.66	0.99	
solcap_snp_sl_23731	5	3.99	5	29.47	0.70	0.67	0.98	
solcap_snp_sl_23726	5	4.04	5	29.74	0.70	0.69	1.00	
solcap_snp_sl_48888	5	4.15	5	31.67	0.31	0.28	0.99	
solcap_snp_sl_23711	5	4.15	5	31.67	0.30	0.28	0.99	
solcap_snp_sl_23709	5	4.15	5	31.67	0.31	0.28	0.99	
solcap_snp_sl_23707	5	4.15	5	31.67	0.29	0.26	0.99	
solcap_snp_sl_23706	5	4.15	5	31.67	0.30	0.27	0.99	
solcap_snp_sl_23705	5	4.15	5	31.67	0.30	0.27	0.99	
solcap_snp_sl_23702	5	4.16	5	31.67	0.31	0.28	0.99	
solcap_snp_sl_23695	5	4.16	5	31.67	0.31	0.28	0.99	
solcap_snp_sl_23690	5	4.18	5	31.95	0.30	0.28	0.99	
solcap_snp_sl_23687	5	4.22	5	32.22	0.31	0.28	0.99	
solcap_snp_sl_50898	5	6.39	5	42.66	0.08	0.08	0.96	
solcap_snp_sl_13798	5	8.16	5	47.05	0.55	0.52	0.98	
SL10639_108	5	8.22	5	47.32	0.55	0.53	0.99	
solcap_snp_sl_51094	5	8.35	5	47.59	0.57	0.54	0.99	
solcap_snp_sl_51118	5	9.82	5	47.86	0.56	0.51	0.98	
solcap_snp_sl_51121	5	10.04	5	48.13	0.55	0.51	0.98	
solcap_snp_sl_51126	5	10.11	5	48.13	0.55	0.51	0.98	
solcap_snp_sl_51127	5	10.29	5	48.13	0.55	0.51	0.97	
solcap_snp_sl_51134	5	10.59	5	48.13	0.62	0.59	0.97	
solcap_snp_sl_51142	5	10.70	5	48.13	0.62	0.59	0.97	
CL016021-0379_solcap_snp_sl_51155	5	11.53	5	48.13	0.62	0.58	0.96	
solcap_snp_sl_51160	5	11.60	5	48.13	0.63	0.59	0.97	
solcap_snp_sl_51175	5	11.90	5	48.13	0.62	0.58	0.96	
solcap_snp_sl_51181	5	12.53	5	48.13	0.61	0.58	0.96	
solcap_snp_sl_51184	5	12.53	5	48.13	0.63	0.59	0.97	
solcap_snp_sl_51200	5	13.09	5	48.13	0.63	0.59	0.97	
solcap_snp_sl_51201	5	13.14	5	48.13	0.63	0.59	0.97	
SL10469_202_CL009113-0189	5	13.14	5	48.13	0.62	0.59	0.97	
solcap_snp_sl_51211	5	13.62	5	48.13	0.62	0.58	0.96	
solcap_snp_sl_51212	5	14.72	5	48.13	0.62	0.58	0.96	
solcap_snp_sl_51220	5	15.26	5	48.13	0.62	0.58	0.96	
solcap_snp_sl_51227	5	15.49	5	48.13	0.62	0.58	0.96	
solcap_snp_sl_51230	5	16.04	5	48.13	0.63	0.59	0.97	
solcap_snp_sl_51242	5	16.84	5	48.13	0.63	0.59	0.97	
solcap_snp_sl_51244	5	17.62	5	48.13	0.63	0.60	0.97	
SL10526_469	5	18.74	5	48.13	0.63	0.61	0.98	
solcap_snp_sl_51628	5	19.27	5	48.13	0.63	0.59	0.97	
solcap_snp_sl_51607	5	20.27	5	48.13	0.63	0.59	0.97	
solcap_snp_sl_51594	5	20.70	5	48.13	0.62	0.59	0.97	
solcap_snp_sl_51587	5	22.07	5	48.13	0.63	0.59	0.97	
solcap_snp_sl_51573	5	22.40	5	48.13	0.63	0.59	0.97	
solcap_snp_sl_51556	5	22.83	5	48.13	0.63	0.59	0.97	
solcap_snp_sl_51551	5	23.54	5	48.13	0.63	0.59	0.97	
solcap_snp_sl_51543	5	23.88	5	48.13	0.64	0.60	0.97	
solcap_snp_sl_51538	5	24.23	5	48.13	0.62	0.59	0.96	
solcap_snp_sl_67774	5	25.53	5	48.13	0.63	0.59	0.97	
solcap_snp_sl_51281	5	26.35	5	48.13	0.62	0.59	0.97	
solcap_snp_sl_52238	5	28.96	5	48.13	0.62	0.59	0.96	
CL015150-0478_solcap_snp_sl_52240	5	29.03	5	48.13	0.62	0.59	0.96	
solcap_snp_sl_52243	5	29.17	5	48.13	0.62	0.59	0.97	
solcap_snp_sl_52255	5	29.36	5	48.13	0.62	0.59	0.96	
solcap_snp_sl_52257	5	30.17	5	48.13	0.63	0.59	0.97	
solcap_snp_sl_52263	5	30.24	5	48.13	0.62	0.59	0.97	
solcap_snp_sl_52269	5	30.51	5	48.13	0.62	0.58	0.96	
solcap_snp_sl_52271	5	30.90	5	48.13	0.62	0.59	0.96	
solcap_snp_sl_52280	5	31.65	5	48.13	0.62	0.59	0.96	
solcap_snp_sl_55294	5	32.95	5	48.13	0.62	0.59	0.96	
solcap_snp_sl_55297	5	33.08	5	48.13	0.62	0.59	0.96	
solcap_snp_sl_55302	5	35.40	5	48.13	0.62	0.59	0.96	
solcap_snp_sl_55309	5	36.22	5	48.13	0.62	0.59	0.97	
solcap_snp_sl_55315	5	37.24	5	48.13	0.63	0.59	0.97	
solcap_snp_sl_55317	5	37.52	5	48.13	0.63	0.59	0.97	
solcap_snp_sl_55319	5	37.90	5	48.13	0.62	0.59	0.97	
solcap_snp_sl_55320	5	37.90	5	48.13	0.64	0.61	0.98	
solcap_snp_sl_55325	5	39.65	5	48.13	0.62	0.58	0.96	
solcap_snp_sl_55326	5	39.72	5	48.13	0.63	0.59	0.97	
solcap_snp_sl_55328	5	40.17	5	48.13	0.62	0.59	0.96	
solcap_snp_sl_55338	5	40.40	5	48.13	0.62	0.59	0.96	
solcap_snp_sl_55342	5	41.21	5	48.13	0.62	0.59	0.96	
solcap_snp_sl_55344	5	41.38	5	48.13	0.62	0.58	0.96	
solcap_snp_sl_55348	5	41.62	5	48.13	0.62	0.58	0.96	
solcap_snp_sl_55367	5	42.05	5	48.13	0.62	0.59	0.96	
CL017638-0440	5	42.05	5	48.13	0.62	0.59	0.96	
solcap_snp_sl_40832	5	44.31	5	48.13	0.62	0.59	0.96	
solcap_snp_sl_40839	5	45.41	5	48.13	0.63	0.59	0.97	
solcap_snp_sl_40841	5	45.54	5	48.13	0.63	0.59	0.97	
solcap_snp_sl_38800	5	48.15	5	48.13	0.63	0.59	0.97	
solcap_snp_sl_38795	5	48.15	5	48.13	0.62	0.59	0.97	
SL10373_526	5	50.85	5	48.13	0.62	0.58	0.96	
solcap_snp_sl_69405	5	51.25	5	48.13	0.62	0.59	0.96	
solcap_snp_sl_69382	5	54.13	5	48.13	0.63	0.59	0.97	
solcap_snp_sl_69381	5	54.24	5	48.13	0.63	0.60	0.97	
solcap_snp_sl_45340	5	55.52	5	48.13	0.62	0.58	0.96	
solcap_snp_sl_56068	5	55.71	5	48.13	0.63	0.59	0.97	
solcap_snp_sl_56076	5	56.21	5	48.13	0.63	0.59	0.97	
solcap_snp_sl_56083	5	56.33	5	48.13	0.63	0.59	0.97	
solcap_snp_sl_56091	5	56.34	5	48.13	0.62	0.59	0.96	
solcap_snp_sl_67804	5	57.19	5	48.13	0.63	0.59	0.97	
CL017527-0194	5	57.62	5	48.13	0.63	0.60	0.97	
solcap_snp_sl_67793	5	57.63	5	48.13	0.62	0.59	0.96	
solcap_snp_sl_67790	5	57.71	5	48.13	0.63	0.60	0.97	
solcap_snp_sl_51446	5	58.05	5	48.13	0.56	0.51	0.98	
solcap_snp_sl_51459	5	58.24	5	48.41	0.45	0.41	0.99	
solcap_snp_sl_41311	5	58.49	5	48.41	0.46	0.42	0.98	
SL10963_93	5	58.55	5	48.41	0.46	0.43	0.99	
solcap_snp_sl_22559	5	58.77	5	48.41	0.78	0.75	0.98	
solcap_snp_sl_22560	5	58.77	5	48.41	0.78	0.75	0.98	
CL009170-0127	5	59.66	5	49.49	0.66	0.62	0.98	
solcap_snp_sl_37155	5	59.82	5	49.76	0.68	0.64	0.99	
solcap_snp_sl_37167	5	59.91	5	50.31	0.70	0.67	0.98	
solcap_snp_sl_27	5	59.98	5	51.41	0.88	0.87	0.99	
solcap_snp_sl_28	5	59.98	5	51.41	0.88	0.87	0.99	
solcap_snp_sl_29	5	59.99	5	51.41	0.88	0.87	0.99	
solcap_snp_sl_30	5	60.02	5	51.41	0.87	0.86	0.99	
solcap_snp_sl_16140	5	60.15	5	51.41	0.86	0.84	0.99	
solcap_snp_sl_12181	5	60.20	5	51.41	0.86	0.84	0.99	
solcap_snp_sl_37	5	60.22	5	51.69	0.87	0.85	0.99	
solcap_snp_sl_38	5	60.22	5	51.69	0.87	0.85	0.99	
solcap_snp_sl_39	5	60.28	5	52.24	0.85	0.83	0.99	
solcap_snp_sl_25838	5	60.28	5	52.24	0.86	0.83	0.99	
solcap_snp_sl_40	5	60.28	5	52.24	0.86	0.84	0.99	
solcap_snp_sl_41	5	60.29	5	52.24	0.86	0.84	0.99	
solcap_snp_sl_42	5	60.29	5	52.24	0.86	0.84	0.99	
solcap_snp_sl_43	5	60.31	5	52.24	0.86	0.84	0.99	
solcap_snp_sl_16141	5	60.31	5	52.24	0.86	0.84	0.99	
solcap_snp_sl_16142	5	60.31	5	52.24	0.86	0.84	0.99	
solcap_snp_sl_45	5	60.31	5	52.24	0.86	0.84	0.99	
solcap_snp_sl_46	5	60.31	5	52.24	0.86	0.84	0.99	
solcap_snp_sl_47	5	60.31	5	52.24	0.86	0.84	0.99	
solcap_snp_sl_49	5	60.32	5	52.24	0.86	0.84	0.99	
solcap_snp_sl_51	5	60.33	5	52.52	0.86	0.84	0.99	
solcap_snp_sl_52	5	60.33	5	52.52	0.86	0.84	0.99	
solcap_snp_sl_53	5	60.33	5	52.52	0.86	0.84	0.99	
solcap_snp_sl_12187	5	60.33	5	52.52	0.86	0.84	0.99	
solcap_snp_sl_59	5	60.34	5	52.52	0.86	0.84	0.99	
solcap_snp_sl_60	5	60.34	5	52.52	0.86	0.84	0.99	
solcap_snp_sl_25841	5	60.34	5	52.52	0.86	0.83	0.99	
solcap_snp_sl_16145	5	60.35	5	52.52	0.86	0.84	0.99	
solcap_snp_sl_25842	5	60.35	5	52.52	0.86	0.84	0.99	
solcap_snp_sl_63	5	60.37	5	52.52	0.86	0.83	0.99	
solcap_snp_sl_64	5	60.37	5	52.52	0.86	0.84	0.99	
solcap_snp_sl_66	5	60.37	5	52.52	0.86	0.84	0.99	
solcap_snp_sl_68	5	60.38	5	52.52	0.86	0.84	0.99	
solcap_snp_sl_74	5	60.42	5	53.89	0.58	0.56	0.98	
solcap_snp_sl_22584	5	60.64	5	54.16	0.69	0.63	0.98	
solcap_snp_sl_37184	5	60.64	5	54.16	0.68	0.62	0.98	
solcap_snp_sl_22587	5	60.64	5	54.16	0.69	0.64	0.98	
solcap_snp_sl_22591	5	60.65	5	54.16	0.68	0.63	0.98	
solcap_snp_sl_22592	5	60.65	5	54.16	0.69	0.64	0.97	
solcap_snp_sl_22594	5	60.65	5	54.16	0.69	0.64	0.97	
solcap_snp_sl_22596	5	60.67	5	54.44	0.68	0.63	0.99	
solcap_snp_sl_22597	5	60.67	5	54.44	0.69	0.63	0.98	
solcap_snp_sl_22602	5	60.68	5	54.71	0.69	0.63	0.98	
solcap_snp_sl_22603	5	60.68	5	54.71	0.68	0.63	0.98	
solcap_snp_sl_22604	5	60.72	5	55.53	0.73	0.69	0.97	
solcap_snp_sl_22607	5	60.75	5	55.53	0.73	0.68	0.96	
solcap_snp_sl_22609	5	60.78	5	56.08	0.73	0.69	0.97	
solcap_snp_sl_37190	5	60.96	5	57.46	0.81	0.78	0.98	
solcap_snp_sl_37191	5	60.96	5	57.46	0.81	0.78	0.98	
solcap_snp_sl_22620	5	61.02	5	58.01	0.77	0.73	0.98	
solcap_snp_sl_22621	5	61.02	5	58.01	0.84	0.81	0.99	
solcap_snp_sl_37197	5	61.02	5	58.01	0.84	0.81	0.99	
solcap_snp_sl_22622	5	61.03	5	58.01	0.84	0.82	0.99	
solcap_snp_sl_22623	5	61.03	5	58.01	0.84	0.82	0.99	
solcap_snp_sl_37198	5	61.03	5	58.01	0.84	0.81	0.99	
solcap_snp_sl_37199	5	61.04	5	58.01	0.84	0.82	0.99	
solcap_snp_sl_37200	5	61.04	5	58.01	0.85	0.83	0.99	
solcap_snp_sl_25152	6	2.16	6	6.05	0.27	0.24	0.96	
solcap_snp_sl_12748	6	36.93	6	31.64	0.59	0.58	0.99	
solcap_snp_sl_12751	6	36.93	6	31.64	0.58	0.58	0.99	
solcap_snp_sl_12752	6	36.93	6	31.64	0.58	0.58	0.99	
solcap_snp_sl_12760	6	36.96	6	31.64	0.59	0.59	0.99	
solcap_snp_sl_12763	6	36.96	6	31.64	0.59	0.59	0.99	
solcap_snp_sl_5863	7	57.04	7	41.94	0.76	0.73	0.98	
solcap_snp_sl_53378	7	59.64	7	54.87	0.10	0.09	0.99	
solcap_snp_sl_53298	7	60.01	7	55.69	0.09	0.08	0.97	
solcap_snp_sl_53288	7	60.08	7	56.24	0.09	0.08	0.97	
solcap_snp_sl_12158	7	62.27	7	68.07	0.11	0.09	0.98	
CL015239-0564	7	62.30	7	68.07	0.11	0.09	0.98	
solcap_snp_sl_12150	7	62.30	7	68.07	0.11	0.08	0.97	
solcap_snp_sl_12149	7	62.30	7	68.07	0.11	0.09	0.98	
solcap_snp_sl_71106	7	62.38	7	68.07	0.12	0.09	0.98	
solcap_snp_sl_12147	7	62.38	7	68.07	0.12	0.09	0.99	
solcap_snp_sl_12146	7	62.38	7	68.07	0.12	0.09	0.98	
solcap_snp_sl_12145	7	62.38	7	68.07	0.12	0.09	0.98	
solcap_snp_sl_12140	7	62.39	7	68.07	0.11	0.08	0.97	
solcap_snp_sl_12139	7	62.39	7	68.07	0.12	0.09	0.98	
solcap_snp_sl_71099	7	62.41	7	68.07	0.11	0.08	0.97	
solcap_snp_sl_12137	7	62.41	7	68.34	0.11	0.08	0.97	
solcap_snp_sl_24384	8	0.22	8	1.09	0.66	0.64	0.99	
solcap_snp_sl_7272	8	0.24	8	1.09	0.67	0.64	0.99	
solcap_snp_sl_4429	8	50.81	8	29.03	0.76	0.68	0.96	
solcap_snp_sl_4390	8	51.67	8	29.30	0.77	0.71	0.97	
solcap_snp_sl_21461	8	58.49	8	56.89	0.11	0.10	1.00	
solcap_snp_sl_34761	8	58.79	8	57.71	0.11	0.08	0.97	
solcap_snp_sl_22842	9	2.21	9	0.82	0.30	0.27	0.99	
solcap_snp_sl_22840	9	2.21	9	0.82	0.30	0.27	0.99	
solcap_snp_sl_22839	9	2.21	9	0.82	0.30	0.27	0.99	
solcap_snp_sl_22838	9	2.21	9	0.82	0.29	0.27	0.99	
solcap_snp_sl_22837	9	2.22	9	0.82	0.31	0.28	0.99	
solcap_snp_sl_22836	9	2.22	9	0.82	0.30	0.27	0.99	
solcap_snp_sl_39452	9	4.91	9	12.22	0.27	0.25	0.97	
solcap_snp_sl_31883	9	17.88	9	22.18	0.11	0.11	1.00	
solcap_snp_sl_30380	9	43.13	9	22.18	0.11	0.11	1.00	
solcap_snp_sl_30379	9	44.82	9	22.18	0.10	0.10	1.00	
solcap_snp_sl_29179	9	61.73	9	35.39	0.10	0.09	0.99	
CL015614-0412	10	0.47	10	1.37	0.66	0.61	0.98	
solcap_snp_sl_46059	10	0.48	10	1.37	0.68	0.63	0.98	
solcap_snp_sl_13200	10	1.06	10	2.48	0.82	0.79	0.98	
solcap_snp_sl_13202	10	1.16	10	3.03	0.68	0.61	0.98	
solcap_snp_sl_13203	10	1.18	10	3.03	0.68	0.61	0.98	
solcap_snp_sl_17859	10	2.34	10	14.33	0.11	0.08	0.97	
solcap_snp_sl_59184	10	61.05	10	47.12	0.12	0.11	1.00	
solcap_snp_sl_14909	10	61.06	10	47.12	0.12	0.11	1.00	
solcap_snp_sl_14910	10	61.06	10	47.12	0.12	0.12	1.00	
solcap_snp_sl_61192	10	62.49	10	61.50	0.65	0.58	0.96	
solcap_snp_sl_61131	10	62.76	10	64.27	0.29	0.29	1.00	
SGN-U598818_snp288_solcap_snp_sl_61127	10	62.77	10	64.27	0.28	0.27	1.00	
solcap_snp_sl_61108	10	62.81	10	64.54	0.28	0.28	1.00	
solcap_snp_sl_61089	10	62.87	10	64.81	0.30	0.30	1.00	
solcap_snp_sl_8807	10	64.31	10	74.70	0.31	0.29	1.00	
solcap_snp_sl_8795	10	64.45	10	75.53	0.30	0.28	0.99	
Le013158s_161	10	64.45	10	75.53	0.28	0.26	0.98	
solcap_snp_sl_8787	10	64.54	10	75.53	0.30	0.28	0.99	
CL017088-0089	11	3.65	11	26.29	0.12	0.09	0.98	
solcap_snp_sl_20963	11	3.65	11	26.29	0.12	0.09	0.98	
solcap_snp_sl_20966	11	3.67	11	26.29	0.12	0.09	0.98	
solcap_snp_sl_20969	11	3.67	11	26.29	0.12	0.09	0.98	
solcap_snp_sl_20973	11	3.69	11	26.29	0.12	0.09	0.98	
solcap_snp_sl_20974	11	3.69	11	26.29	0.12	0.09	0.98	
C2_At2g22570_43_b	11	3.71	11	26.84	0.12	0.09	0.98	
solcap_snp_sl_20986	11	3.74	11	26.84	0.12	0.09	0.98	
solcap_snp_sl_20987	11	3.76	11	27.11	0.11	0.09	0.98	
solcap_snp_sl_20988	11	3.76	11	27.11	0.12	0.09	0.99	
solcap_snp_sl_20989	11	3.76	11	27.11	0.11	0.09	0.98	
solcap_snp_sl_20991	11	3.78	11	27.38	0.11	0.09	0.98	
solcap_snp_sl_20992	11	3.78	11	27.38	0.11	0.09	0.98	
solcap_snp_sl_20994	11	3.86	11	27.38	0.11	0.08	0.97	
solcap_snp_sl_21001	11	3.86	11	27.38	0.11	0.08	0.97	
solcap_snp_sl_21003	11	3.87	11	27.38	0.11	0.08	0.97	
solcap_snp_sl_21004	11	3.87	11	27.38	0.11	0.08	0.97	
solcap_snp_sl_21005	11	3.87	11	27.38	0.11	0.08	0.97	
solcap_snp_sl_30606	11	47.22	11	51.15	0.54	0.49	0.96	
solcap_snp_sl_52284	11	47.23	11	51.15	0.45	0.40	0.98	
solcap_snp_sl_5620	11	47.27	11	51.42	0.53	0.50	0.97	
solcap_snp_sl_6151	11	47.41	11	52.23	0.57	0.52	0.98	
solcap_snp_sl_6142	11	47.50	11	52.23	0.53	0.50	0.97	
solcap_snp_sl_53066	11	47.54	11	52.23	0.56	0.51	0.97	
solcap_snp_sl_6138	11	47.54	11	52.23	0.56	0.51	0.97	
solcap_snp_sl_31135	11	47.54	11	52.23	0.57	0.51	0.97	
solcap_snp_sl_31134	11	47.54	11	52.23	0.56	0.50	0.97	
solcap_snp_sl_6137	11	47.54	11	52.23	0.56	0.51	0.97	
solcap_snp_sl_31133	11	47.56	11	52.23	0.56	0.50	0.97	
solcap_snp_sl_6132	11	47.58	11	52.23	0.56	0.50	0.97	
solcap_snp_sl_6130	11	47.60	11	52.23	0.57	0.52	0.98	
solcap_snp_sl_6129	11	47.60	11	52.23	0.57	0.51	0.97	
solcap_snp_sl_6119	11	47.67	11	52.78	0.57	0.51	0.97	
solcap_snp_sl_32654	12	4.78	12	34.50	0.11	0.08	0.97	
solcap_snp_sl_19569	12	15.67	12	39.45	0.68	0.58	0.96	
solcap_snp_sl_25696	unknown	unknown	5	32.22	0.30	0.27	0.99	
solcap_snp_sl_25698	unknown	unknown	5	32.22	0.31	0.28	0.99	
solcap_snp_sl_40829	unknown	unknown	5	48.13	0.62	0.58	0.96	
solcap_snp_sl_69236	unknown	unknown	5	58.01	0.85	0.83	0.99	
"1Pairwise estimates of expected heterozygosity and Fst from the Lositan software [26,27]"								
								
								
								
								
								
								
								
								
								
								
								
								
								
								
								
								
								
								
								
								
								
								
								
								
								
								
								
								
								
								
								
								
								
								
								
								
								
								
								
								
								
								
								
								
								
								
								
								
								
								
								
								
								
								
								
								
								
								
								
								
								
								
								
								
								
								
								
								
								
								
								
								
								
								
								
								
								
								
								
								
								
								
								
								
								
								
								
								
								
								
								
								
								
								
								
								
								
								
								
								
								
								
								
								
								
								
								
								
								
								
								
								
								
								
								
								
								
								
								
								
								
								
								
								
								
								
								
								
								
								
								
								
								
								
								
								
								
								
								
								
								
								
								
								
								
								
								
								
								
								
								
								
								
								
								
								
								
								
								
								
								
								
								
								
								
								
								
								
								
								
								
								
								
								
								
								
								
								
								
								
								
								
								
								
								
								
								
								
								
								
								
								
								
								
								
								
								
								
								
								
								
								
								
								
								
								
								
								
								
								
