Table S8. Candidates for loci under positive selection between fresh market and vintage sub-populations								
	Physical Map		Genetic Map (EXPIM 2012)					
Marker	Chromosome	Position (Mbp)	Chromosome	Position (cM)	He1	Fst1	P(Simul Fst<sample Fst)	
solcap_snp_sl_42213	1	74.31	1	67.03	0.10	0.09	1.00	
solcap_snp_sl_3067	4	54.89	4	49.22	0.66	0.63	0.99	
solcap_snp_sl_3068	4	54.89	4	49.49	0.67	0.64	0.99	
solcap_snp_sl_23480	4	54.94	4	49.76	0.68	0.65	0.99	
solcap_snp_sl_3070	4	54.94	4	49.76	0.67	0.64	0.99	
solcap_snp_sl_3071	4	54.94	4	49.76	0.67	0.64	0.99	
solcap_snp_sl_3073	4	54.94	4	49.76	0.67	0.64	0.99	
solcap_snp_sl_3074	4	54.94	4	49.76	0.68	0.65	0.99	
solcap_snp_sl_3075	4	54.94	4	49.76	0.67	0.65	0.99	
solcap_snp_sl_3076	4	54.94	4	49.76	0.67	0.64	0.99	
solcap_snp_sl_3078	4	54.94	4	49.76	0.67	0.64	0.99	
solcap_snp_sl_3080	4	54.95	4	49.76	0.68	0.65	0.99	
solcap_snp_sl_13133	4	55.09	4	50.31	0.66	0.64	0.99	
solcap_snp_sl_13134	4	55.12	4	50.31	0.67	0.65	0.99	
solcap_snp_sl_3103	4	55.10	4	50.31	0.66	0.64	0.99	
solcap_snp_sl_3104	4	55.10	4	50.31	0.66	0.64	0.99	
solcap_snp_sl_3106	4	55.12	4	50.31	0.66	0.64	0.99	
solcap_snp_sl_3107	4	55.12	4	50.31	0.66	0.64	0.99	
solcap_snp_sl_45616	4	55.12	4	50.31	0.66	0.64	0.99	
solcap_snp_sl_2172	4	55.51	4	50.86	0.65	0.62	0.98	
solcap_snp_sl_2174	4	55.51	4	50.86	0.65	0.63	0.98	
solcap_snp_sl_2175	4	55.51	4	50.86	0.65	0.63	0.98	
solcap_snp_sl_2176	4	55.51	4	50.86	0.65	0.62	0.98	
solcap_snp_sl_2177	4	55.51	4	50.86	0.65	0.62	0.98	
solcap_snp_sl_2178	4	55.51	4	50.86	0.65	0.63	0.98	
solcap_snp_sl_2179	4	55.48	4	50.86	0.67	0.65	0.99	
solcap_snp_sl_2180	4	55.48	4	50.86	0.67	0.65	0.99	
solcap_snp_sl_2182	4	55.48	4	50.86	0.67	0.65	0.99	
solcap_snp_sl_2183	4	55.48	4	50.86	0.67	0.65	0.99	
solcap_snp_sl_2189	4	55.38	4	50.86	0.68	0.66	1.00	
solcap_snp_sl_2191	4	55.37	4	50.86	0.68	0.66	1.00	
solcap_snp_sl_23303	4	55.46	4	50.86	0.67	0.65	0.99	
solcap_snp_sl_3108	4	55.16	4	50.86	0.66	0.64	0.99	
solcap_snp_sl_3110	4	55.17	4	50.86	0.67	0.65	0.99	
solcap_snp_sl_3111	4	55.20	4	50.86	0.66	0.64	0.99	
3300_2_293_b_3300_2_283	4	57.61	4	60.85	0.50	0.50	0.97	
solcap_snp_sl_11533	4	57.74	4	60.85	0.46	0.46	1.00	
solcap_snp_sl_11534	4	57.74	4	60.85	0.46	0.46	1.00	
solcap_snp_sl_11535	4	57.74	4	60.85	0.46	0.46	1.00	
solcap_snp_sl_11536	4	57.74	4	60.85	0.46	0.46	1.00	
solcap_snp_sl_11545	4	57.66	4	60.85	0.46	0.46	1.00	
solcap_snp_sl_11562	4	57.59	4	60.85	0.56	0.56	1.00	
solcap_snp_sl_11563	4	57.56	4	60.85	0.57	0.57	1.00	
solcap_snp_sl_11564	4	57.56	4	60.85	0.57	0.57	1.00	
solcap_snp_sl_25693	4	57.71	4	60.85	0.46	0.46	1.00	
solcap_snp_sl_69260	4	57.71	4	60.85	0.45	0.45	1.00	
solcap_snp_sl_11525	4	57.83	4	61.12	0.46	0.46	1.00	
solcap_snp_sl_11530	4	57.78	4	61.12	0.45	0.45	1.00	
solcap_snp_sl_11532	4	57.77	4	61.12	0.46	0.46	1.00	
solcap_snp_sl_25690	4	57.82	4	61.12	0.46	0.46	1.00	
solcap_snp_sl_69255	4	57.81	4	61.12	0.46	0.46	1.00	
SGN-U318488_C2_At1g78230_snp247	4	57.87	4	61.67	0.46	0.46	1.00	
solcap_snp_sl_11517	4	57.88	4	61.67	0.46	0.46	1.00	
solcap_snp_sl_11518	4	57.87	4	61.67	0.46	0.46	1.00	
solcap_snp_sl_11520	4	57.86	4	61.67	0.46	0.46	1.00	
solcap_snp_sl_11522	4	57.86	4	61.67	0.46	0.46	1.00	
solcap_snp_sl_11514	4	57.91	4	62.49	0.51	0.51	0.98	
solcap_snp_sl_15930	4	57.94	4	62.49	0.47	0.47	1.00	
solcap_snp_sl_11509	4	58.05	4	63.04	0.46	0.46	1.00	
solcap_snp_sl_11512	4	58.03	4	63.04	0.50	0.50	0.97	
solcap_snp_sl_15923	4	58.05	4	63.04	0.52	0.50	0.97	
solcap_snp_sl_36806	4	58.03	4	63.04	0.50	0.49	0.97	
solcap_snp_sl_3827	4	62.69	4	89.18	0.11	0.10	1.00	
solcap_snp_sl_3829	4	62.70	4	89.18	0.10	0.10	1.00	
solcap_snp_sl_3830	4	62.70	4	89.18	0.10	0.09	1.00	
solcap_snp_sl_3832	4	62.71	4	89.18	0.11	0.10	1.00	
solcap_snp_sl_3838	4	62.74	4	89.18	0.11	0.10	1.00	
solcap_snp_sl_3839	4	62.74	4	89.18	0.10	0.10	1.00	
solcap_snp_sl_3840	4	62.77	4	89.18	0.10	0.09	1.00	
solcap_snp_sl_3841	4	62.77	4	89.18	0.10	0.10	1.00	
solcap_snp_sl_3842	4	62.77	4	89.18	0.10	0.09	1.00	
solcap_snp_sl_3843	4	62.78	4	89.18	0.10	0.09	1.00	
solcap_snp_sl_47662	4	62.70	4	89.18	0.10	0.10	1.00	
solcap_snp_sl_3846	4	62.81	4	89.46	0.11	0.10	1.00	
solcap_snp_sl_3847	4	62.81	4	89.46	0.11	0.10	1.00	
solcap_snp_sl_3848	4	62.81	4	89.46	0.10	0.10	1.00	
solcap_snp_sl_3849	4	62.81	4	89.46	0.10	0.10	1.00	
solcap_snp_sl_3850	4	62.81	4	89.46	0.10	0.10	1.00	
solcap_snp_sl_3852	4	62.81	4	89.46	0.10	0.10	1.00	
solcap_snp_sl_3854	4	62.81	4	89.46	0.11	0.10	1.00	
solcap_snp_sl_3855	4	62.81	4	89.46	0.10	0.10	1.00	
solcap_snp_sl_3857	4	62.81	4	89.46	0.10	0.09	1.00	
solcap_snp_sl_3859	4	62.82	4	89.46	0.10	0.09	1.00	
solcap_snp_sl_3860	4	62.82	4	89.46	0.11	0.10	1.00	
solcap_snp_sl_3861	4	62.82	4	89.46	0.11	0.10	1.00	
solcap_snp_sl_3862	4	62.82	4	89.46	0.10	0.09	1.00	
solcap_snp_sl_3865	4	62.82	4	89.46	0.11	0.10	1.00	
solcap_snp_sl_47694	4	62.85	4	89.73	0.10	0.10	1.00	
solcap_snp_sl_4058	4	63.60	4	92.18	0.30	0.29	1.00	
solcap_snp_sl_4103	4	63.80	4	92.45	0.10	0.10	1.00	
solcap_snp_sl_50932	5	6.71	5	43.75	0.10	0.10	1.00	
solcap_snp_sl_22592	5	60.65	5	54.16	0.30	0.25	0.95	
solcap_snp_sl_22594	5	60.65	5	54.16	0.30	0.25	0.95	
solcap_snp_sl_12290	5	62.60	5	73.99	0.12	0.11	1.00	
solcap_snp_sl_12748	6	36.93	6	31.64	0.58	0.54	0.97	
solcap_snp_sl_12751	6	36.93	6	31.64	0.58	0.55	0.99	
solcap_snp_sl_12752	6	36.93	6	31.64	0.58	0.55	0.99	
solcap_snp_sl_12760	6	36.96	6	31.64	0.58	0.56	0.98	
solcap_snp_sl_12763	6	36.96	6	31.64	0.58	0.56	0.98	
solcap_snp_sl_5858	7	57.16	7	42.48	0.66	0.62	0.98	
solcap_snp_sl_14160	7	58.21	7	45.51	0.68	0.62	0.98	
solcap_snp_sl_14164	7	58.21	7	45.51	0.67	0.61	0.97	
solcap_snp_sl_14166	7	58.21	7	45.51	0.68	0.62	0.98	
solcap_snp_sl_14159	7	58.25	7	45.79	0.68	0.61	0.98	
solcap_snp_sl_53585	7	58.25	7	45.79	0.68	0.61	0.98	
solcap_snp_sl_14155	7	58.26	7	46.06	0.66	0.60	0.97	
solcap_snp_sl_14158	7	58.26	7	46.06	0.68	0.62	0.98	
solcap_snp_sl_53582	7	58.26	7	46.06	0.68	0.62	0.98	
solcap_snp_sl_53378	7	59.64	7	54.87	0.10	0.09	1.00	
solcap_snp_sl_53298	7	60.01	7	55.69	0.09	0.08	0.97	
solcap_snp_sl_53288	7	60.08	7	56.24	0.09	0.08	0.98	
solcap_snp_sl_3294	10	1.40	10	6.61	0.09	0.08	0.98	
solcap_snp_sl_46340	10	1.40	10	6.61	0.09	0.08	0.97	
solcap_snp_sl_14909	10	61.06	10	47.12	0.12	0.11	1.00	
solcap_snp_sl_14910	10	61.06	10	47.12	0.12	0.12	1.00	
solcap_snp_sl_59184	10	61.05	10	47.12	0.12	0.11	1.00	
solcap_snp_sl_61131	10	62.76	10	64.27	0.30	0.25	0.95	
solcap_snp_sl_20955	11	3.57	11	26.29	0.77	0.70	0.96	
solcap_snp_sl_20956	11	3.57	11	26.29	0.77	0.70	0.96	
solcap_snp_sl_20966	11	3.67	11	26.29	0.79	0.73	0.97	
solcap_snp_sl_20967	11	3.67	11	26.29	0.77	0.70	0.96	
solcap_snp_sl_20969	11	3.67	11	26.29	0.78	0.71	0.96	
solcap_snp_sl_20973	11	3.69	11	26.29	0.78	0.71	0.96	
solcap_snp_sl_20974	11	3.69	11	26.29	0.78	0.71	0.97	
C2_At2g22570_43_b	11	3.71	11	26.84	0.78	0.71	0.96	
solcap_snp_sl_20979	11	3.71	11	26.84	0.77	0.70	0.96	
solcap_snp_sl_20980	11	3.71	11	26.84	0.78	0.71	0.97	
solcap_snp_sl_20981	11	3.71	11	26.84	0.78	0.71	0.97	
solcap_snp_sl_20984	11	3.74	11	26.84	0.77	0.70	0.96	
solcap_snp_sl_20985	11	3.74	11	26.84	0.77	0.70	0.96	
solcap_snp_sl_20986	11	3.74	11	26.84	0.78	0.71	0.96	
solcap_snp_sl_34275	11	3.71	11	26.84	0.78	0.72	0.97	
solcap_snp_sl_20987	11	3.76	11	27.11	0.78	0.71	0.97	
solcap_snp_sl_20988	11	3.76	11	27.11	0.79	0.73	0.97	
solcap_snp_sl_20989	11	3.76	11	27.11	0.78	0.73	0.97	
solcap_snp_sl_20991	11	3.78	11	27.38	0.78	0.71	0.97	
solcap_snp_sl_20992	11	3.78	11	27.38	0.78	0.71	0.97	
solcap_snp_sl_20993	11	3.83	11	27.38	0.79	0.73	0.96	
solcap_snp_sl_20994	11	3.86	11	27.38	0.79	0.73	0.96	
solcap_snp_sl_20995	11	3.86	11	27.38	0.79	0.74	0.96	
solcap_snp_sl_20996	11	3.86	11	27.38	0.79	0.74	0.97	
solcap_snp_sl_20998	11	3.86	11	27.38	0.79	0.74	0.97	
solcap_snp_sl_21001	11	3.86	11	27.38	0.79	0.73	0.96	
solcap_snp_sl_21003	11	3.87	11	27.38	0.80	0.74	0.97	
solcap_snp_sl_21004	11	3.87	11	27.38	0.80	0.74	0.97	
solcap_snp_sl_21005	11	3.87	11	27.38	0.79	0.73	0.97	
solcap_snp_sl_21008	11	3.95	11	27.93	0.79	0.73	0.96	
solcap_snp_sl_21009	11	3.95	11	27.93	0.80	0.75	0.97	
solcap_snp_sl_62658	11	3.95	11	27.93	0.79	0.73	0.96	
solcap_snp_sl_21012	11	4.00	11	28.20	0.80	0.75	0.97	
solcap_snp_sl_21018	11	4.06	11	28.76	0.79	0.74	0.96	
solcap_snp_sl_21019	11	4.06	11	28.76	0.78	0.72	0.97	
solcap_snp_sl_21020	11	4.06	11	28.76	0.80	0.75	0.97	
solcap_snp_sl_15269	11	5.39	11	39.33	0.71	0.65	0.97	
solcap_snp_sl_9510	11	5.44	11	39.33	0.69	0.62	0.97	
solcap_snp_sl_9516	11	5.47	11	39.88	0.70	0.64	0.96	
solcap_snp_sl_9517	11	5.47	11	39.88	0.69	0.64	0.96	
solcap_snp_sl_9519	11	5.47	11	39.88	0.70	0.63	0.95	
solcap_snp_sl_9527	11	5.51	11	39.88	0.69	0.64	0.96	
solcap_snp_sl_62807	11	5.52	11	40.15	0.69	0.63	0.98	
solcap_snp_sl_62808	11	5.52	11	40.15	0.69	0.63	0.98	
solcap_snp_sl_9528	11	5.52	11	40.15	0.69	0.63	0.97	
solcap_snp_sl_9530	11	5.52	11	40.15	0.69	0.63	0.98	
solcap_snp_sl_9531	11	5.53	11	40.15	0.69	0.64	0.96	
solcap_snp_sl_9533	11	5.53	11	40.15	0.69	0.64	0.96	
solcap_snp_sl_9535	11	5.54	11	40.15	0.69	0.64	0.96	
solcap_snp_sl_9536	11	5.54	11	40.15	0.69	0.64	0.96	
solcap_snp_sl_9538	11	5.55	11	40.15	0.69	0.63	0.98	
solcap_snp_sl_62818	11	5.64	11	40.71	0.69	0.64	0.96	
solcap_snp_sl_9539	11	5.55	11	40.71	0.69	0.64	0.96	
solcap_snp_sl_9542	11	5.57	11	40.71	0.69	0.63	0.97	
solcap_snp_sl_9545	11	5.57	11	40.71	0.69	0.64	0.96	
solcap_snp_sl_9546	11	5.57	11	40.71	0.69	0.63	0.97	
solcap_snp_sl_9547	11	5.57	11	40.71	0.69	0.63	0.97	
solcap_snp_sl_9548	11	5.57	11	40.71	0.69	0.63	0.98	
solcap_snp_sl_9549	11	5.57	11	40.71	0.69	0.63	0.98	
solcap_snp_sl_9550	11	5.59	11	40.71	0.69	0.63	0.97	
solcap_snp_sl_9552	11	5.64	11	40.71	0.69	0.63	0.97	
solcap_snp_sl_9556	11	5.65	11	40.71	0.69	0.63	0.96	
solcap_snp_sl_9557	11	5.65	11	40.71	0.69	0.63	0.97	
solcap_snp_sl_9559	11	5.65	11	40.71	0.69	0.63	0.98	
solcap_snp_sl_9562	11	5.66	11	40.71	0.69	0.64	0.96	
solcap_snp_sl_31134	11	47.54	11	52.23	0.56	0.50	0.97	
solcap_snp_sl_31135	11	47.54	11	52.23	0.56	0.51	0.98	
solcap_snp_sl_5995	11	49.13	11	57.45	0.66	0.61	0.98	
solcap_snp_sl_5996	11	49.13	11	57.45	0.66	0.61	0.98	
solcap_snp_sl_5999	11	49.12	11	57.45	0.67	0.60	0.97	
solcap_snp_sl_6000	11	49.11	11	57.45	0.67	0.60	0.97	
solcap_snp_sl_6001	11	49.11	11	57.45	0.67	0.61	0.97	
solcap_snp_sl_6013	11	49.09	11	57.45	0.67	0.61	0.97	
solcap_snp_sl_53030	11	49.18	11	58.00	0.65	0.60	0.97	
solcap_snp_sl_5987	11	49.21	11	59.37	0.66	0.61	0.97	
SGN-U321085_C2_At3g44890_snp243	11	49.28	11	59.92	0.66	0.60	0.97	
solcap_snp_sl_5984	11	49.24	11	59.92	0.65	0.61	0.97	
solcap_snp_sl_2671	11	51.94	11	82.51	0.58	0.55	0.99	
solcap_snp_sl_2673	11	51.94	11	82.51	0.58	0.50	0.96	
solcap_snp_sl_2674	11	51.94	11	82.51	0.58	0.55	0.99	
solcap_snp_sl_2677	11	51.94	11	82.51	0.59	0.56	0.99	
solcap_snp_sl_2688	11	52.02	11	83.07	0.53	0.50	0.97	
SL1_00sc6004_1941029	11	52.11	11	83.34	0.54	0.50	0.97	
SL10157_156	11	52.05	11	83.34	0.53	0.49	0.97	
solcap_snp_sl_2693	11	52.04	11	83.34	0.53	0.49	0.97	
solcap_snp_sl_2697	11	52.05	11	83.34	0.53	0.50	0.97	
solcap_snp_sl_2698	11	52.05	11	83.34	0.53	0.49	0.97	
solcap_snp_sl_2701	11	52.08	11	83.34	0.53	0.49	0.97	
solcap_snp_sl_2702	11	52.08	11	83.34	0.53	0.50	0.97	
solcap_snp_sl_44857	11	52.10	11	83.34	0.53	0.50	0.97	
solcap_snp_sl_2709	11	52.14	11	84.17	0.53	0.50	0.97	
"1Pairwise estimates of expected heterozygosity and Fst from the Lositan software [26,27]"								
								
								
								
								
								
								
								
								
								
								
								
								
								
								
								
								
								
								
								
								
								
								
								
								
								
								
								
								
								
								
								
								
								
								
								
								
								
								
								
								
								
								
								
								
								
								
								
								
								
								
								
								
								
								
								
								
								
								
								
								
								
								
								
								
								
								
								
								
								
								
								
								
								
								
								
								
								
								
								
								
								
								
								
								
								
								
								
								
								
								
								
								
								
								
								
								
								
								
								
								
								
								
								
								
								
								
								
								
								
								
								
								
								
								
								
								
								
								
								
								
								
								
								
								
								
								
								
								
								
								
								
								
								
								
								
								
								
								
								
								
								
								
								
								
								
								
								
								
								
								
								
								
								
								
								
								
								
								
								
								
								
								
								
								
								
								
								
								
								
								
								
								
								
								
								
								
								
								
								
								
								
								
								
								
								
								
								
								
								
								
								
								
								
								
								
								
								
								
								
								
								
								
								
								
								
								
								
								
								
								
								
								
								
								
								
								
								
								
								
								
								
								
								
								
								
								
								
								
								
								
								
								
								
								
								
								
								
								
								
								
								
								
								
								
								
								
								
								
								
								
								
								
								
								
								
								
								
								
								
								
								
								
								
								
								
								
								
								
								
								
								
								
								
								
								
								
								
								
								
								
								
								
								
								
								
								
								
								
								
								
								
								
								
								
								
								
								
								
								
								
								
								
								
								
								
								
