Table S7. Candidates for loci under positive selection between processing and vintage sub-populations								
	Physical Map		Genetic Map (EXPIM 2012)					
Marker	Chromosome	Position (Mbp)	Chromosome	Position (cM)	He1	Fst1	P(Simul Fst<sample Fst)	
solcap_snp_sl_18634	1	67.37	1	41.39	0.34	0.33	0.99	
solcap_snp_sl_35868	2	35.30	2	30.82	0.37	0.37	1.00	
SGN-U581789_snp1077_solcap_snp_sl_35846	2	35.37	2	30.82	0.38	0.37	1.00	
CL016381-0173_solcap_snp_sl_35845	2	35.37	2	30.82	0.37	0.37	1.00	
solcap_snp_sl_35844	2	35.39	2	30.82	0.37	0.37	1.00	
solcap_snp_sl_29814	2	38.42	2	40.94	0.14	0.14	1.00	
solcap_snp_sl_29826	2	38.53	2	41.21	0.14	0.14	1.00	
solcap_snp_sl_4829	2	41.73	2	53.60	0.69	0.67	0.98	
solcap_snp_sl_63048	3	0.07	3	0.00	0.11	0.11	0.99	
CL016802-0675	3	0.12	3	0.00	0.11	0.11	0.99	
CL017202-0450_solcap_snp_sl_63109	3	0.30	3	0.27	0.10	0.10	0.97	
CL016925-0828	3	0.35	3	0.81	0.10	0.10	0.97	
solcap_snp_sl_18978	3	48.96	3	52.83	0.33	0.33	0.99	
solcap_snp_sl_62377	3	57.76	3	75.10	0.53	0.50	0.96	
SL10450_71	3	58.20	3	77.57	0.56	0.53	0.99	
solcap_snp_sl_62270	3	58.36	3	79.23	0.56	0.53	0.99	
solcap_snp_sl_62228	3	58.54	3	80.05	0.53	0.50	0.96	
solcap_snp_sl_62209	3	58.64	3	80.33	0.54	0.51	0.98	
solcap_snp_sl_34668	4	2.28	4	15.41	0.53	0.50	0.96	
solcap_snp_sl_34670	4	2.28	4	15.41	0.56	0.53	0.98	
solcap_snp_sl_21347	4	2.29	4	15.41	0.53	0.50	0.96	
solcap_snp_sl_21354	4	2.33	4	15.96	0.53	0.52	1.00	
solcap_snp_sl_24140	4	53.68	4	47.02	0.82	0.80	0.97	
solcap_snp_sl_24145	4	53.71	4	47.02	0.82	0.80	0.97	
solcap_snp_sl_24555	4	54.45	4	48.67	0.83	0.81	0.98	
solcap_snp_sl_13133	4	55.09	4	50.31	0.96	0.95	0.96	
solcap_snp_sl_3103	4	55.10	4	50.31	0.95	0.95	0.96	
solcap_snp_sl_3104	4	55.10	4	50.31	0.95	0.95	0.96	
solcap_snp_sl_45616	4	55.12	4	50.31	0.95	0.95	0.96	
solcap_snp_sl_3106	4	55.12	4	50.31	0.95	0.95	0.96	
solcap_snp_sl_3107	4	55.12	4	50.31	0.95	0.95	0.96	
solcap_snp_sl_13134	4	55.12	4	50.31	0.95	0.95	0.96	
solcap_snp_sl_3108	4	55.16	4	50.86	0.96	0.95	0.96	
solcap_snp_sl_3110	4	55.17	4	50.86	0.95	0.95	0.96	
solcap_snp_sl_3111	4	55.20	4	50.86	0.95	0.95	0.96	
solcap_snp_sl_2191	4	55.37	4	50.86	0.95	0.95	0.96	
solcap_snp_sl_2189	4	55.38	4	50.86	0.95	0.95	0.96	
solcap_snp_sl_23303	4	55.46	4	50.86	0.95	0.95	0.96	
solcap_snp_sl_2183	4	55.48	4	50.86	0.95	0.95	0.96	
solcap_snp_sl_2182	4	55.48	4	50.86	0.95	0.95	0.96	
solcap_snp_sl_2180	4	55.48	4	50.86	0.95	0.95	0.96	
solcap_snp_sl_2179	4	55.48	4	50.86	0.95	0.95	0.96	
solcap_snp_sl_43402	4	56.92	4	56.40	0.12	0.12	1.00	
solcap_snp_sl_11564	4	57.56	4	60.85	0.82	0.81	0.99	
solcap_snp_sl_11563	4	57.56	4	60.85	0.82	0.81	0.99	
solcap_snp_sl_11562	4	57.59	4	60.85	0.80	0.80	0.97	
3300_2_293_b_3300_2_283	4	57.61	4	60.85	0.83	0.83	0.99	
solcap_snp_sl_11545	4	57.66	4	60.85	0.81	0.81	0.98	
solcap_snp_sl_25693	4	57.71	4	60.85	0.81	0.81	0.98	
solcap_snp_sl_69260	4	57.71	4	60.85	0.81	0.81	0.98	
solcap_snp_sl_11536	4	57.74	4	60.85	0.81	0.81	0.98	
solcap_snp_sl_11535	4	57.74	4	60.85	0.81	0.81	0.98	
solcap_snp_sl_11534	4	57.74	4	60.85	0.81	0.81	0.98	
solcap_snp_sl_11533	4	57.74	4	60.85	0.81	0.81	0.98	
solcap_snp_sl_11532	4	57.77	4	61.12	0.80	0.80	0.97	
solcap_snp_sl_11530	4	57.78	4	61.12	0.80	0.80	0.97	
solcap_snp_sl_69255	4	57.81	4	61.12	0.81	0.81	0.98	
solcap_snp_sl_25690	4	57.82	4	61.12	0.81	0.81	0.98	
solcap_snp_sl_11525	4	57.83	4	61.12	0.81	0.81	0.98	
solcap_snp_sl_11522	4	57.86	4	61.67	0.81	0.81	0.98	
solcap_snp_sl_11520	4	57.86	4	61.67	0.81	0.81	0.98	
SGN-U318488_C2_At1g78230_snp247	4	57.87	4	61.67	0.80	0.80	0.97	
solcap_snp_sl_11518	4	57.87	4	61.67	0.81	0.81	0.98	
solcap_snp_sl_11517	4	57.88	4	61.67	0.81	0.81	0.98	
solcap_snp_sl_15930	4	57.94	4	62.49	0.90	0.90	0.96	
solcap_snp_sl_36806	4	58.03	4	63.04	0.89	0.89	0.96	
solcap_snp_sl_11512	4	58.03	4	63.04	0.89	0.89	0.96	
solcap_snp_sl_11509	4	58.05	4	63.04	0.84	0.84	0.99	
solcap_snp_sl_3957	4	63.26	4	90.55	0.32	0.32	0.98	
solcap_snp_sl_3963	4	63.26	4	90.55	0.32	0.32	0.98	
SGN-U565045_snp130	4	63.26	4	90.55	0.33	0.33	0.99	
solcap_snp_sl_3967	4	63.26	4	90.55	0.32	0.32	0.98	
solcap_snp_sl_3970	4	63.27	4	90.55	0.33	0.33	0.99	
solcap_snp_sl_4051	4	63.57	4	92.18	0.84	0.82	0.97	
CL017464-0100	5	3.42	5	25.36	0.12	0.11	0.99	
solcap_snp_sl_23756	5	3.82	5	28.66	0.68	0.66	0.96	
CL017677-0317	5	3.82	5	28.66	0.69	0.67	0.97	
solcap_snp_sl_23751	5	3.82	5	28.66	0.69	0.66	0.97	
solcap_snp_sl_23750	5	3.82	5	28.66	0.68	0.66	0.97	
solcap_snp_sl_23749	5	3.82	5	28.66	0.69	0.66	0.97	
solcap_snp_sl_48901	5	3.93	5	29.20	0.71	0.67	0.98	
solcap_snp_sl_23738	5	3.93	5	29.20	0.71	0.69	1.00	
solcap_snp_sl_23737	5	3.93	5	29.20	0.72	0.70	1.00	
solcap_snp_sl_48900	5	3.95	5	29.20	0.71	0.69	1.00	
solcap_snp_sl_48898	5	3.95	5	29.20	0.71	0.67	0.97	
solcap_snp_sl_23735	5	3.96	5	29.47	0.71	0.67	0.97	
solcap_snp_sl_23734	5	3.98	5	29.47	0.70	0.66	0.97	
solcap_snp_sl_23733	5	3.99	5	29.47	0.70	0.66	0.97	
solcap_snp_sl_23731	5	3.99	5	29.47	0.70	0.66	0.97	
solcap_snp_sl_23726	5	4.04	5	29.74	0.70	0.68	0.99	
CL017150-0184_solcap_snp_sl_50870	5	6.25	5	42.66	0.14	0.14	1.00	
solcap_snp_sl_50872	5	6.25	5	42.66	0.14	0.13	1.00	
solcap_snp_sl_13798	5	8.16	5	47.05	0.55	0.52	0.99	
SL10639_108	5	8.22	5	47.32	0.55	0.52	0.99	
solcap_snp_sl_51118	5	9.82	5	47.86	0.56	0.53	0.99	
solcap_snp_sl_51121	5	10.04	5	48.13	0.55	0.52	0.99	
solcap_snp_sl_51126	5	10.11	5	48.13	0.55	0.52	0.99	
solcap_snp_sl_51127	5	10.29	5	48.13	0.56	0.53	0.99	
solcap_snp_sl_51446	5	58.05	5	48.13	0.56	0.53	0.99	
solcap_snp_sl_37155	5	59.82	5	49.76	0.68	0.66	0.97	
solcap_snp_sl_37167	5	59.91	5	50.31	0.71	0.69	1.00	
solcap_snp_sl_51	5	60.33	5	52.52	0.90	0.89	0.96	
solcap_snp_sl_22604	5	60.72	5	55.53	0.92	0.91	0.97	
solcap_snp_sl_22620	5	61.02	5	58.01	0.95	0.94	0.95	
solcap_snp_sl_22623	5	61.03	5	58.01	0.95	0.94	0.95	
solcap_snp_sl_37199	5	61.04	5	58.01	0.95	0.95	0.96	
solcap_snp_sl_37200	5	61.04	5	58.01	0.95	0.94	0.95	
solcap_snp_sl_37247	5	61.53	5	61.90	0.35	0.34	1.00	
solcap_snp_sl_19915	6	41.01	6	50.86	0.53	0.52	1.00	
solcap_snp_sl_31729	6	44.54	6	63.20	0.34	0.34	0.99	
CL015323-0211	8	56.22	8	46.45	0.34	0.32	0.98	
solcap_snp_sl_34713	8	56.36	8	47.28	0.34	0.32	0.98	
solcap_snp_sl_21429	8	57.34	8	53.32	0.36	0.36	0.99	
solcap_snp_sl_21430	8	57.36	8	53.32	0.37	0.37	1.00	
solcap_snp_sl_64810	8	58.31	8	56.34	0.11	0.10	0.97	
solcap_snp_sl_21456	8	58.31	8	56.34	0.11	0.10	0.98	
solcap_snp_sl_65244	8	60.28	8	63.76	0.54	0.52	1.00	
solcap_snp_sl_31883	9	17.88	9	22.18	0.35	0.34	0.98	
solcap_snp_sl_30380	9	43.13	9	22.18	0.33	0.33	0.99	
solcap_snp_sl_69927	9	66.83	9	71.02	0.13	0.10	0.97	
CL015904-0285	9	67.38	9	72.12	0.34	0.32	0.98	
solcap_snp_sl_20950	11	3.56	11	26.29	0.67	0.66	0.96	
CL017088-0089	11	3.65	11	26.29	0.84	0.83	0.99	
solcap_snp_sl_20963	11	3.65	11	26.29	0.84	0.83	0.99	
solcap_snp_sl_20982	11	3.72	11	26.84	0.83	0.83	0.99	
SL1_00sc6004_2094360_solcap_snp_sl_44897	11	52.28	11	85.27	0.36	0.36	1.00	
solcap_snp_sl_58718	unknown	unknown	4	55.84	0.38	0.37	1.00	
solcap_snp_sl_69236	unknown	unknown	5	58.01	0.91	0.90	0.97	
"1Pairwise estimates of expected heterozygosity and Fst from the Lositan software [26,27]"								
								
								
								
								
								
								
								
								
								
								
								
								
								
								
								
								
								
								
								
								
								
								
								
								
								
								
								
								
								
								
								
								
								
								
								
								
								
								
								
								
								
								
								
								
								
								
								
								
								
								
								
								
								
								
								
								
								
								
								
								
								
								
								
								
								
								
								
								
								
								
								
								
								
								
								
								
								
								
								
								
								
								
								
								
								
								
								
								
								
								
								
								
								
								
								
								
								
								
								
								
								
								
								
								
								
								
								
								
								
								
								
								
								
								
								
								
								
								
								
								
								
								
								
								
								
								
								
								
								
								
								
								
								
								
								
								
								
								
								
								
								
								
								
								
								
								
								
								
								
								
								
								
								
								
								
								
								
								
								
								
								
								
								
								
								
								
								
								
								
								
								
								
								
								
								
								
								
								
								
								
								
								
								
								
								
								
								
								
								
								
								
								
								
								
								
								
								
								
								
								
								
								
								
								
								
								
								
								
								
								
								
								
								
								
								
								
								
								
								
								
								
								
								
								
								
								
								
								
								
								
								
								
								
								
								
								
								
								
								
								
								
								
								
								
								
								
								
								
								
								
								
								
								
								
								
								
								
								
								
								
								
								
								
								
								
								
								
								
								
								
								
								
								
								
								
								
								
								
								
								
								
								
								
								
								
								
								
								
								
								
								
								
								
								
								
								
								
								
								
								
								
								
								
								
								
								
								
								
								
								
								
								
								
								
								
								
								
								
								
								
								
								
								
								
								
								
								
								
								
								
								
								
								
								
								
								
								
								
								
								
								
								
								
								
								
								
								
								
								
								
								
								
								
								
								
								
								
								
								
								
								
								
								
								
								
								
								
								
								
								
								
								
								
								
								
								
								
								
								
